[gd_scene load_steps=10 format=3 uid="uid://cxhvfgrtcr30c"]

[ext_resource type="Script" path="res://Scripts/spirit_well.gd" id="1_4njcq"]
[ext_resource type="Texture2D" uid="uid://cyljdp88v5hrp" path="res://Assets/Png/SpiritWell_Front.png" id="1_8kg22"]
[ext_resource type="Texture2D" uid="uid://dpiuixto42naq" path="res://Assets/Png/SpiritWell_Back.png" id="2_gposs"]
[ext_resource type="Texture2D" uid="uid://qgkqebdhdn0i" path="res://Assets/Png/Spirit01.png" id="3_68ts0"]
[ext_resource type="Script" path="res://Scripts/health_component.gd" id="5_of3hs"]

[sub_resource type="CylinderShape3D" id="CylinderShape3D_36jyr"]
height = 4.21948
radius = 1.94435

[sub_resource type="ParticleProcessMaterial" id="ParticleProcessMaterial_2jje3"]
emission_shape_scale = Vector3(1, 0.12, 0)
emission_shape = 3
emission_box_extents = Vector3(1, 1, 1)
gravity = Vector3(0, 10, -6)
linear_accel_max = 4.82
turbulence_enabled = true
turbulence_noise_strength = 7.29
turbulence_noise_scale = 2.69

[sub_resource type="StandardMaterial3D" id="StandardMaterial3D_rq4hd"]
transparency = 1
cull_mode = 2
albedo_texture = ExtResource("3_68ts0")
emission_enabled = true
emission_energy_multiplier = 5.15
emission_texture = ExtResource("3_68ts0")

[sub_resource type="QuadMesh" id="QuadMesh_lm3q3"]
material = SubResource("StandardMaterial3D_rq4hd")
size = Vector2(0.74, 1)

[node name="SpiritWell" type="StaticBody3D" node_paths=PackedStringArray("health_component")]
collision_layer = 4
collision_mask = 0
script = ExtResource("1_4njcq")
health_component = NodePath("HealthComponent")

[node name="CollisionShape3D" type="CollisionShape3D" parent="."]
transform = Transform3D(1, 0, 0, 0, 1, 0, 0, 0, 1, 0, 2.11086, 0)
shape = SubResource("CylinderShape3D_36jyr")

[node name="Front" type="Sprite3D" parent="."]
transform = Transform3D(1, 0, 0, 0, 0.707107, 0.707107, 0, -0.707107, 0.707107, 0, 2.11086, -0.821367)
shaded = true
no_depth_test = true
texture = ExtResource("1_8kg22")

[node name="Back" type="Sprite3D" parent="."]
transform = Transform3D(1, 0, 0, 0, 0.707107, 0.707107, 0, -0.707107, 0.707107, 0.0110557, 3.3192, -2.28567)
shaded = true
render_priority = -1
texture = ExtResource("2_gposs")

[node name="GPUParticles3D" type="GPUParticles3D" parent="."]
transform = Transform3D(1, 0, 0, 0, 0.625447, 0.780267, 0, -0.780267, 0.625447, -0.0883014, 1.89263, -1.33406)
amount = 50
lifetime = 3.79
process_material = SubResource("ParticleProcessMaterial_2jje3")
draw_pass_1 = SubResource("QuadMesh_lm3q3")

[node name="HealthComponent" type="Node" parent="."]
script = ExtResource("5_of3hs")
max_hp = 1000.0
